7.520661560308598
2.1269180360176736
-5.96568279562999
-5.190230145111133
-4.1655427245102645
-7.120508224552916
0.0824325536343761
6.619838190611491
-2.743778624244527
5.752525144988488
5.981976134939082
-2.158509314460687
6.884513265759125
0.5976463219994079
-6.676973523055016
-4.280046491172882
0.41306961085808197
-6.461040771304452
-3.92335097263342
3.622533025288841
-5.989319596814584
1.6739048114288997
6.676574776182748
2.0898174332496207
6.1553135485246555
4.579779152126115
-3.49278204216389
-6.17062318243715
-1.0159146876046883
-6.620764648900217
-2.7502254035850164
4.8061416749969545
-5.526139344871067
-2.008587907277286
4.0273538362192
3.855866506482405
2.6028168808952623
5.328427508509961
0.36755551811231535
-4.55453892932584
2.5669145144508985
-3.897776212377648
-4.550915741271475
1.1741820475802955
-5.288030321659282
-0.9363074454166469
4.682563751123065
3.3356802944744763
-0.32481765120955974
3.1625773489635183
1.7370694411396062
-1.8323621151906533
3.148096061948184
-0.8306192469908277
-3.210923340737094
-0.74917223873522
-3.1379220896882623
-2.3515955164933295
1.797432950777878
2.8476730814473274
0.2912558875758954
3.428870964777702
1.3211734100450934
-2.4383348215651384
-0.8506556258971372
-6.481062874887783
-2.7435872832381847
4.4062297720767205
-4.941030790976272
2.7818685449112595
6.377068243722362
0.841709735450866
6.242507997843033
3.37170113284871
-4.378439262491671
-5.576874108089147
-2.123739300226937
-6.368365868583007
-1.4693429568364271
5.419865695466517
-5.767494188449407
-1.08731708941108
4.899282285892793
3.448669869262135
3.562710274847145
5.283463184868202
-0.7228699731987145
-5.233378762769902
1.704430773741494
-4.744578416892814
-4.199599756545827
2.360858403358083
-5.1797457880604
0.06758934526115667
5.341609443348432
2.679156935787952
0.21373201670742972
4.064305449024328
1.617258475327656
-2.9275283165470833
3.3752224201921885
-1.6210241657834799
-3.981125103957025
-0.25578390028212394
-3.8606390239439827
-2.2808339515808957
2.7706409761978303
3.3706696163565564
0.9619681578243151
4.035296115982059
0.9245919897455047
-3.491412781946453
2.3163284164655553
0.06293204143779757
-2.209724553631699
-0.7244103911656862
-1.4752012479148107
-1.9889954707227244
0.884395731264289
2.188389330190966
-0.7198902030320529
2.073388037568295
1.3189498278734852
-1.6777111484887894
2.1697531937234493
-0.23933242176153346
-2.306297616109568
-0.42205713529637046
-4.108624021298652
0.08238534905243589
3.9952396630468656
1.9774466486545499
3.3632857589804424
3.509957152953563
-1.445015377622362
-4.046222517420212
0.25740051276959275
-4.039428733620299
-2.488173678611662
2.6177599462730896
-3.4272904444019834
1.079775810928249
4.240931878378487
1.1799703827464156
0.9833283826721266
3.2644608169467237
0.47245574455204753
-2.8485467674238745
2.0351494673088646
-2.049693303372282
-2.964829540375713
0.7076210095308603
-3.1611693851610076
-0.9988781406456928
2.845924245877505
2.236724094014751
1.5299641128902013
3.0459120053093005
-0.18919699201424978
-3.2396357355220706
1.7677678261593397
-0.5864927788747627
-2.0814636369235138
-0.004277114948845907
-1.5818198880879113
-1.3029560328144911
1.4323531539347514
1.8924544202960383
0.011486698625698621
1.9510048660174673
0.5537030438694301
-2.0943463545357903
1.3656681659989116
-0.8375578126562402
-1.9729559653663409
0.3694183744306438
-0.7618989565569037
-0.6145858803337201
1.205296591704163
1.5491626112473214
0.116962920870197
1.1649630804502247
0.21371090244211122
-1.806175543076274
0.46528456259341905
-0.6572989517507625
-1.3685483089467887
0.4044936226401127
-0.5228971451022693
-0.29582264288999527
1.2387940000302033
1.3065485578272997
1.0203383532266643
1.2837948210213561
-0.4742553556637811
-1.4870542827498814
0.2472833748083041
-1.4651453126599425
-0.9774466822581462
1.075506215672335
-1.364419956434742
0.36350756011215
1.7281390571621182
0.45706453009124315
1.4022906363898713
1.0787352925948608
-0.9955468082087071
-1.7477400797288951
0.018880854846014206
-1.150709430259367
-0.6407994897117912
1.212615244652505
-0.8005324500535592
0.396930579569091
1.4701029631653906
0.3009315573149974
0.8961098956502942
0.7365393988254504
-0.9129976552925386
-1.6334093580334599
-0.3198329711600073
-1.2127804991304947
-0.47569251227153364
1.4584402814921333
-0.8961464103864226
0.6855100130429495
1.9926950945913977
0.700360542798795
1.3287835453956767
0.8603024863395238
-1.1570464123996436
-2.2167554896707733
-0.7257783250898984
-1.6130581642634323
-0.6673670155517435
1.6979011942788529
-0.41699633385663504
1.0615433830557182
1.8311440593714998
0.30253208836055
1.7837643289526752
1.847913533755471
-0.5731272046026674
-2.7843536514314184
-0.34322997160724833
-2.173116566881478
-1.7291545702460467
1.1885497639231786
-1.3659177220802974
0.7482776401192102
2.515085711114671
1.4438059263731235
2.0697088896815057
1.2171365138535521
-1.2262692540495537
-2.767040705202795
2.168195652285979
0.6501482628290229
-1.752253327855726
-1.685221650009855
-0.6619555535988286
-2.1651363229221405
-0.6378054426405105
1.755897444607957
-1.7284067505468663
0.6741335518799604
2.1561958735230515
0.6240503288701174
1.7090968679202951
1.7086867814913014
-0.6874694125629924
-2.1420550246522683
-0.01103610301072228
-1.8634410821450096
-1.0897145694452344
1.1734102450826043
-1.849790072719379
0.020561066825891375
1.8627907421986307
1.0811540916097941
1.1336924133659956
1.839863598191572
-0.03195676554886805
-1.8571155968540636
1.1033377248357343
-1.1446133666342933
-1.8255928419988916
0.045704899235423334
-1.3811171372588027
-0.40945973121775003
1.1292260135604508
1.0328685426667468
0.388258777539035
1.3804597611211806
0.40947757972049725
-1.1261375969002023
1.1326825238381446
-0.39160533480190374
-1.3759634402916818
-0.40676695445416833
-1.062418355544471
-1.127558701569429
0.39711773263538047
1.3684156057641743
-0.08490871945209581
0.584477705844744
0.36550756785983374
-0.38103371495554145
0.6408071442476487
0.09717730101391792
-0.5825755755480488
-0.37747085202647895
-0.23873784506352108
-0.647539686582472
-0.10702818997203542
0.5783534606885489
-0.5233640132703777
0.23695521420754845
0.6527836779355356
0.114646347123263
-0.08350782764338655
-2.0509759152582574
-1.1478242173634936
1.3440054235477543
-1.9654961299122593
0.09522851853464902
2.051178652170577
1.1357334769442693
1.2846685775956648
1.9541541138498275
-0.10908595014540046
-2.0461148521827797
1.0969064866889366
-1.2957695182452167
-1.938149061157508
0.12573161103607058
-2.0769063621523816
-0.5328461832396278
1.763399826916867
1.5769579347192508
0.7332041125413906
2.0736750740875913
0.5208151770173894
-1.7666141550543282
1.5703503557623844
-0.7462676131017548
-2.0658604191619925
-0.5052804250768882
-1.704080083086752
-1.554102196540319
0.7621997796374148
2.0542944533252894
0.07283744457461565
1.5926003812984666
0.8683293773580425
-1.0731333265378653
1.5219660143509153
-0.0776975464699538
-1.5918733507351954
-0.8635628108689231
-1.0017150220495419
-1.5165473900430848
0.08590473983313096
1.5879503893829041
-0.8612383541955902
1.0112699166391597
1.5089381200447693
-0.09755847240333203
0.9388866097846096
0.2810144018331096
-0.7882907596383284
-0.7031357172173399
-0.2505715460239016
-0.9414139028659781
-0.28867587585578725
0.7844113659569026
-0.78184664547874
0.2483177763562657
0.9424742511542286
0.29283727401291576
0.720990336531576
0.7875469470223971
-0.24858214040396187
-0.942645678614747
-1.965066330064907
-0.4428975213198942
1.72705327414806
1.4836363784637336
0.7595351812871779
1.9615579170764652
0.43333200119918025
-1.7296825102393871
1.4285530614731878
-0.7684604849612179
-1.9538847543463327
-0.42037626684696466
-1.6328417353196976
-1.413903428046028
0.7802654303447405
1.942689180951383
0.20712709891540523
2.084470931695876
1.0697870906187883
-1.4458083172984741
1.9074900605240042
-0.21896542805816555
-2.0837401533594164
-1.0574117480911374
-1.4040815164751734
-1.8958309419504644
0.234285592929166
2.0796536137343766
-0.9583557998620836
1.4165407569480524
1.881787449633081
-0.25345925862414986
1.8272669556273309
0.3793211017405919
-1.619568411326185
-1.3548043313722304
-0.7524187871589646
-1.8231163387771363
-0.3708672672165467
1.6208023952173363
-1.3126410115428628
0.7629515509723809
1.8169458504778941
0.35823510612775433
1.588627455168248
1.3014705830635567
-0.7764794889795006
-1.809587607649191
-0.10038800492579579
-1.2060845938701754
-0.6198150065033932
0.8524619379702958
-1.1267227751097526
0.09917519417924882
1.2046183609789882
0.6218975909728142
0.7968295821068829
1.1261959845025835
-0.10101133470107349
-1.202569584167424
0.6267275640519469
-0.8021768793648908
-1.1260029827281348
0.10572262265058244
0.2450023476937147
1.7492019940583154
0.8324679163720304
-1.2716933364893326
1.5457441008261792
-0.24856958258047504
-1.7467234140630448
-0.8265006156202377
-1.1984806749594532
-1.5368925946316998
0.25490383062304034
1.7415877983526167
-0.7405366489969084
1.2024254017917517
1.5261264823037306
-0.26455097130865846
2.047735847294661
0.33642869714934714
-1.8723389385277238
-1.4969650976318993
-0.9507059152028012
-2.0404373429666256
-0.3246153794234464
1.8739800785441683
-1.3926583096478178
0.9622616128205241
2.0311015304247637
0.30896371787006416
1.8374398953982651
1.3760701549139542
-0.97654706304615
-2.02057906476843
-0.33570660429278926
-1.9674604716671773
-0.8912964890387088
1.4361075402403867
-1.7226147717574287
0.3472662636875421
1.9637144660187158
0.88012451360503
1.441598759281147
1.710398796464834
-0.3617990190421663
-1.9590388609752483
0.7750035364735165
-1.453309495942627
-1.6981780351475664
0.37934229279713694
-1.4775515391103358
-0.21813979728109864
1.354282423317789
1.0455701907806307
0.7069590602683319
1.4726906470244319
0.2135114700994742
-1.35185927611299
1.0242187677209238
-0.7147549890812629
-1.468069814345101
-0.20592590627277937
-1.3755124721924525
-1.018352545955646
0.7238976310491524
1.4644164922619023
0.3111427874054249
-0.0660500191417049
-0.2664204457774143
0.17871482639583486
0.07347143773499522
-0.3074398409953908
0.057959011032969354
0.25927023348248596
-0.26093687094292706
-0.07930810189425873
0.2965914756802213
-0.05009672094342131
-0.18561884872978954
0.2486097645902002
0.08277144865774633
-0.27934671258452975
0.001100474781794747
-0.2770678306933151
0.11624099405211222
0.20180198476173528
-0.2658873603977189
-0.008047976949278062
0.2670179744872875
-0.1071962206301723
-0.12120423247255345
0.2531333664950048
0.01443385715887175
-0.2512718068251062
0.1698576418120987
0.12028438527926548
-0.23490485732071006
-0.019662356032170987
-0.2148786354553802
0.05008561473865757
0.18782190568133875
-0.12893007354190172
-0.04218784214517776
0.2033720772637797
-0.043817740322245856
-0.17462467742462665
0.16111877619536874
0.04324087730166808
-0.18751320690690518
0.037101823158583104
0.10167806689806372
-0.14514499927319982
-0.043459405491422194
0.16831987751573776
0.0198659925133216
0.11451641339897452
-0.0669115968479695
-0.0765876019986633
0.10831359924058624
-0.01922174278418075
-0.10163050699564088
0.061668906130313283
0.020582006742622807
-0.09486185287509813
0.018049586100623752
0.08722587923191437
-0.06438810976070997
-0.015590312645371208
0.0798124744343296
-0.016355136358269646
-0.0833390672832466
-0.2400380591247991
0.17921403141384085
0.14164106494660372
-0.26007750631121906
0.07220307461889272
0.22925523757440944
-0.16254929871243876
-0.039253297511736285
0.244765147599443
-0.059738251275208674
-0.2126286401827359
0.19150345485529924
0.04193586820456159
-0.22348568070740707
0.04692467776653698
-0.22182814262101977
0.12302778572857817
0.16576110009746423
-0.18244268564173888
0.023629141258524687
0.20801771467349137
-0.10598440138461099
-0.1534779423550757
0.18499538395721157
-0.014411586248474438
-0.1888482810532328
0.08738554862541904
0.056597073032767696
-0.1626503477909703
0.005166478110633636
0.16523261391567898
0.07882492193695674
0.12959613828885505
-0.12597955979245307
-0.0655570161706599
0.13982217715946987
-0.06627514279153092
-0.11529161489353947
0.1063616783862027
-0.007576922568292684
-0.12011346850927332
0.05258564743735758
0.09796310942139619
-0.08746975717799929
0.004816730841691931
0.09741955778688366
-0.03849322368425964
0.06473405565767625
-0.09090629697353651
-0.023469524091024443
0.0905578161378959
-0.06187470615843162
-0.04998387936342835
0.07718163818233693
0.01296622967284673
-0.05409987610746144
0.05512200562286951
0.03377324858679554
-0.062474252376356135
0.03697193527160195
0.03512098868995974
-0.04792825955339378
-0.016873363276668576
-0.14269904381046722
0.15170820195814563
0.08187205472428012
-0.1678940455845174
0.08677133500341068
0.1304912996203852
-0.1302330198113614
-0.07404381322647971
0.13170019695773671
-0.07352253467133059
-0.11394952118926438
0.10588900865372936
-0.024052426876404576
-0.11008006321955333
0.05864906487574955
0.09355049939645743
0.12228857485758664
0.07680888255674351
-0.14035342189024794
-0.014904929181030651
0.09956519692588187
-0.10150540568979081
-0.06616866958443363
0.11149353784699909
-0.05685295384906217
-0.07981355764177915
0.07848262797056174
0.052348486021425764
-0.061540655118717834
0.04645329336699117
0.05689302062618499
-0.054421797764764
0.045069618402892045
-0.11519763152012129
-0.00018226347346454453
0.09590195924629179
-0.0878633580895608
-0.031297327495664426
0.08905463441013914
-0.004868411136830237
-0.036393689849219486
0.07028591790902829
0.015247763614874867
-0.06160154868421264
0.05604914491401375
0.0130405871911464
-0.05217930645344978
0.002443072109635004
-0.1032049989668295
0.026293941756841386
0.07984005301709732
-0.06309165084197564
-0.0010922861137814812
0.08319148507050596
-0.03385119013984169
-0.05505481163892232
0.07609176379877516
-0.01543204006994061
-0.0625698927450434
0.04202248758104337
-0.007504753747967169
-0.06519370631626838
0.03224378688106884
0.04216028961666618
0.11622938225264524
-0.018456192349175362
-0.09107438260419523
0.04491305774564099
-0.0007170426429572397
-0.09518306788841606
0.022632783735745145
0.06279373846902649
-0.09407026525819613
0.014495804384724286
0.07105088878707527
-0.0284451347707758
0.014326939028946653
0.08046974986510738
-0.02998676606584766
-0.044967390870949836
-0.028456522749685804
-0.09271486447289252
0.052270564122549136
0.04669260011553015
-0.09493922871493338
0.036135319791402276
0.0626430593989467
-0.04868357886551381
0.031206431774553813
0.07204938243202536
-0.045413744058299475
-0.030778138503582162
0.08416476847214924
-0.050445197952590254
-0.048039443992043546
0.05608995810903962
-0.09246133069555137
0.058415642729947995
0.0514672377379666
-0.07104130634690124
0.04181204536230643
0.06438873922848197
-0.058552014929507235
-0.019884831989336795
0.07092999728602116
-0.05498647610188977
-0.03546054570241445
0.05994246293225244
-0.05626120613729717
-0.05216497000534644
0.0688056746697756
0.0069114465908776766
0.04944608680842964
0.0547523893163293
-0.07023147612459561
-0.008104704782136452
0.058975608116191805
-0.05396521468684635
-0.02683509114201708
0.0625675810362897
-0.04755741891771334
-0.03592119788584743
0.05898856615125558
-0.00047959458093285837
-0.04544947987209137
0.06274387170201035
0.0139404284730112
-0.06436454756560014
