3.280758586617743
-2.078114215368269
-0.766153515214198
7.304806989542472
-1.652867728352826
-0.36787954054266153
2.534719251004023
2.8122700774314757
4.203190612701354
3.9856194601070696
6.2309345649030226
1.8698584195924797
-12.919237059037282
-8.232243812329102
-0.4876414524867448
-0.32874009265057175
-0.9482890305845805
-4.832730897361472
0.5191885635021869
-9.581422415748847
0.9853029900020085
0.479221395616305
-3.8298172198610425
-3.224337613021523
-6.535660168734422
2.925225652621629
-5.983969613190736
0.4067570066083571
13.586801797391681
8.120901957255432
1.7827394213438443
0.7408076282408363
